-0.0161408,0.000389991,0.149999,-0.182559
-0.0161658,0.000390041,0.149999,-0.182503
-0.0164165,0.000390541,0.149999,-0.181947
-0.0166671,0.000391039,0.149999,-0.181392
-0.0168927,0.000391485,0.149999,-0.180892
-0.0171684,0.000392027,0.149999,-0.180281
-0.0174191,0.000392517,0.149999,-0.179725
-0.0176698,0.000393004,0.149999,-0.179169
-0.0179204,0.000393489,0.149999,-0.178614
-0.0181711,0.000393972,0.149999,-0.178058
-0.0184217,0.000394452,0.149999,-0.177502
-0.0186724,0.00039493,0.149999,-0.176947
-0.018923,0.000395405,0.149999,-0.176391
-0.0191486,0.00039583,0.149999,-0.175891
-0.0194243,0.000396347,0.149999,-0.17528
-0.019675,0.000396815,0.149999,-0.174724
-0.0199006,0.000397234,0.149999,-0.174224
-0.0201763,0.000397743,0.149999,-0.173613
-0.0204019,0.000398157,0.149999,-0.173113
-0.0206525,0.000398615,0.149999,-0.172558
-0.0209282,0.000399116,0.149999,-0.171946
-0.0211789,0.000399569,0.149999,-0.171391
-0.0214295,0.000400019,0.149999,-0.170835
-0.0216802,0.000400467,0.149999,-0.17028
-0.0219308,0.000400912,0.149999,-0.169724
-0.0221815,0.000401355,0.149999,-0.169168
-0.0224071,0.000401751,0.149999,-0.168668
-0.0226828,0.000402233,0.149999,-0.168057
-0.0229335,0.000402668,0.149999,-0.167502
-0.0231841,0.000403101,0.149999,-0.166946
-0.0234348,0.000403531,0.149999,-0.166391
-0.0236603,0.000403916,0.149999,-0.165891
-0.0239361,0.000404384,0.149999,-0.165279
-0.0241616,0.000404765,0.149999,-0.164779
-0.0244374,0.000405227,0.149999,-0.164168
-0.024688,0.000405645,0.149999,-0.163613
-0.0249387,0.000406061,0.149999,-0.163057
-0.0251893,0.000406474,0.149999,-0.162502
-0.02544,0.000406884,0.149999,-0.161946
-0.0256906,0.000407292,0.149999,-0.161391
-0.0259162,0.000407657,0.149999,-0.160891
-0.0261919,0.0004081,0.149999,-0.160279
-0.0264426,0.000408501,0.149999,-0.159724
-0.0266932,0.000408899,0.149999,-0.159168
-0.0269439,0.000409294,0.149999,-0.158613
-0.0271945,0.000409687,0.149999,-0.158057
-0.0274452,0.000410077,0.149999,-0.157502
-0.0276958,0.000410465,0.149999,-0.156946
-0.0279465,0.000410851,0.149999,-0.156391
-0.0281972,0.000411234,0.149999,-0.155835
-0.0284478,0.000411614,0.149999,-0.15528
-0.0286985,0.000411992,0.149999,-0.154724
-0.0289491,0.000412368,0.149999,-0.154168
-0.0291998,0.000412741,0.149999,-0.153613
-0.0294504,0.000413112,0.149999,-0.153057
-0.0297011,0.00041348,0.149999,-0.152502
-0.0299517,0.000413845,0.149999,-0.151946
-0.0302024,0.000414208,0.149999,-0.151391
-0.030453,0.000414569,0.149999,-0.150835
-0.0307037,0.000414927,0.149999,-0.15028
-0.0309543,0.000415283,0.149999,-0.149724
-0.031205,0.000415636,0.149999,-0.149169
-0.0314556,0.000415986,0.149999,-0.148613
-0.0316812,0.0004163,0.149999,-0.148113
-0.0319319,0.000416646,0.149999,-0.147558
-0.0322076,0.000417023,0.149999,-0.146947
-0.0324582,0.000417364,0.149999,-0.146391
-0.0327089,0.000417702,0.149999,-0.145836
-0.0329595,0.000418038,0.149999,-0.14528
-0.0332102,0.000418371,0.149999,-0.144725
-0.0334608,0.000418702,0.149999,-0.144169
-0.0337115,0.00041903,0.149999,-0.143614
-0.0339622,0.000419356,0.149999,-0.143058
-0.0342128,0.000419679,0.149999,-0.142503
-0.0344635,0.00042,0.149999,-0.141947
-0.0347141,0.000420318,0.149999,-0.141392
-0.0349648,0.000420634,0.149999,-0.140836
-0.0351903,0.000420916,0.149999,-0.140337
-0.0354661,0.000421258,0.149999,-0.139725
-0.0357167,0.000421566,0.149999,-0.13917
-0.0359674,0.000421872,0.149999,-0.138615
-0.036218,0.000422175,0.149999,-0.138059
-0.0364687,0.000422476,0.149999,-0.137504
-0.0367193,0.000422775,0.149999,-0.136948
-0.03697,0.00042307,0.149999,-0.136393
-0.0372206,0.000423364,0.149999,-0.135837
-0.0374713,0.000423655,0.149999,-0.135282
-0.0377219,0.000423943,0.149999,-0.134726
-0.0379475,0.0004242,0.149999,-0.134226
-0.0382232,0.000424512,0.149999,-0.133615
-0.0384488,0.000424765,0.149999,-0.133116
-0.0386995,0.000425044,0.149999,-0.13256
-0.0389752,0.000425348,0.149999,-0.131949
-0.0392258,0.000425621,0.149999,-0.131394
-0.0394765,0.000425892,0.149999,-0.130838
-0.0397272,0.000426161,0.149999,-0.130283
-0.0399527,0.0004264,0.149999,-0.129783
-0.0402285,0.00042669,0.149999,-0.129172
-0.0404791,0.000426951,0.149999,-0.128616
-0.0407298,0.00042721,0.149999,-0.128061
-0.0409804,0.000427466,0.149999,-0.127506
-0.0412311,0.000427719,0.149999,-0.12695
-0.0414817,0.00042797,0.149999,-0.126395
-0.0417073,0.000428194,0.149999,-0.125895
-0.041983,0.000428465,0.149999,-0.125284
-0.0422337,0.000428709,0.149999,-0.124728
-0.0424843,0.00042895,0.149999,-0.124173
-0.042735,0.000429188,0.149999,-0.123618
-0.0429856,0.000429424,0.149999,-0.123062
-0.0432363,0.000429658,0.149999,-0.122507
-0.0434869,0.000429889,0.149999,-0.121951
-0.0437376,0.000430118,0.149999,-0.121396
-0.0439882,0.000430344,0.149999,-0.120841
-0.0442389,0.000430568,0.149999,-0.120285
-0.0444895,0.000430789,0.149999,-0.11973
-0.0447402,0.000431007,0.149999,-0.119174
-0.0449908,0.000431224,0.149999,-0.118619
-0.0452415,0.000431437,0.149999,-0.118064
-0.0454921,0.000431649,0.149999,-0.117508
-0.0457428,0.000431857,0.149999,-0.116953
-0.0459935,0.000432064,0.149999,-0.116397
-0.0462441,0.000432267,0.149999,-0.115842
-0.0464948,0.000432469,0.149999,-0.115287
-0.0467454,0.000432667,0.149999,-0.114731
-0.0469961,0.000432864,0.149999,-0.114176
-0.0472467,0.000433058,0.149999,-0.113621
-0.0474723,0.00043323,0.149999,-0.113121
-0.047748,0.000433438,0.149999,-0.11251
-0.0479987,0.000433624,0.149999,-0.111954
-0.0482493,0.000433808,0.149999,-0.111399
-0.0485,0.000433989,0.149999,-0.110844
-0.0487506,0.000434168,0.149999,-0.110288
-0.0490013,0.000434344,0.149999,-0.109733
-0.0492519,0.000434518,0.149999,-0.109178
-0.0495026,0.00043469,0.149999,-0.108622
-0.0497282,0.000434842,0.149999,-0.108122
-0.0499788,0.000435009,0.149999,-0.107567
-0.0502545,0.000435189,0.149999,-0.106956
-0.0505052,0.00043535,0.149999,-0.106401
-0.0507558,0.000435509,0.149999,-0.105845
-0.0510065,0.000435666,0.149999,-0.10529
-0.0512571,0.00043582,0.149999,-0.104735
-0.0515078,0.000435971,0.149999,-0.104179
-0.0517584,0.00043612,0.149999,-0.103624
-0.0520091,0.000436267,0.149999,-0.103069
-0.0522347,0.000436397,0.149999,-0.102569
-0.0525104,0.000436552,0.149999,-0.101958
-0.0527611,0.000436691,0.149999,-0.101403
-0.0530117,0.000436828,0.149999,-0.100847
-0.0532624,0.000436962,0.149999,-0.100292
